0.005 0.0
0.015 0.0
0.025 0.0
0.035 0.0
0.045 0.0
0.055 0.0
0.065 0.0
0.075 0.0
0.085 0.0
0.095 0.0
0.105 0.0
0.115 0.0
0.125 0.0
0.135 0.0
0.145 0.0
0.155 0.0
0.165 0.0
0.17500000000000002 0.0
0.185 0.0
0.195 0.0
0.20500000000000002 0.0
0.215 0.0
0.225 0.0
0.23500000000000001 0.0
0.245 0.0
0.255 0.0
0.265 0.0
0.275 0.0
0.28500000000000003 0.0
0.295 0.0
0.305 0.0
0.315 0.0
0.325 0.0
0.335 0.0
0.34500000000000003 0.0
0.355 0.0
0.365 0.0
0.375 0.0
0.385 0.0
0.395 0.0
0.405 0.0
0.41500000000000004 0.0
0.425 0.0
0.435 0.0
0.445 0.0
0.455 0.0
0.465 0.0
0.47500000000000003 0.0
0.485 0.0
0.495 0.0
0.505 0.0
0.515 0.0
0.525 0.0
0.535 0.0
0.545 0.0
0.555 0.0
0.5650000000000001 0.0
0.5750000000000001 0.0
0.585 0.0
0.595 0.0
0.605 0.0
0.615 0.0
0.625 0.0
0.635 0.0
0.645 0.0
0.655 0.0
0.665 0.0
0.675 0.0
0.685 0.0
0.6950000000000001 0.0
0.705 0.0
0.715 0.0
0.725 0.0
0.735 0.0
0.745 0.0
0.755 0.0
0.765 0.0
0.775 0.0
0.785 0.0
0.795 0.0
0.805 0.0
0.8150000000000001 0.0
0.8250000000000001 0.0
0.835 0.0
0.845 0.0
0.855 0.0
0.865 0.0
0.875 0.0
0.885 0.0
0.895 0.0
0.905 0.0
0.915 0.0
0.925 0.0
0.935 0.0
0.9450000000000001 0.0
0.9550000000000001 0.0
0.965 0.0
0.975 0.0
0.985 0.0
0.995 0.0
1.0050000000000001 0.0
1.0150000000000001 0.0
1.025 0.0
1.035 0.0
1.045 0.0
1.055 0.0
1.065 0.0
1.075 0.0
1.085 0.0
1.095 0.0
1.105 0.0
1.115 0.0
1.125 0.0
1.135 0.0
1.145 0.0
1.155 0.0
1.165 0.0
1.175 0.0
1.185 0.0
1.195 0.0
1.205 0.0
1.215 0.0
1.225 0.0
1.235 0.0
1.245 0.0
1.2550000000000001 0.0
1.2650000000000001 0.0
1.2750000000000001 0.0
1.285 0.0
1.295 0.0
1.305 0.0
1.315 0.0
1.325 0.0
1.335 0.0
1.345 0.0
1.355 0.0
1.365 0.0
1.375 0.0
1.385 0.0
1.395 0.0
1.405 0.0
1.415 0.0
1.425 0.0
1.435 0.0
1.445 0.0
1.455 0.0
1.465 0.0
1.475 0.0
1.485 0.0
1.495 0.0
1.5050000000000001 0.0
1.5150000000000001 0.0
1.5250000000000001 0.0
1.5350000000000001 0.0
1.545 0.0
1.555 0.0
1.565 0.0
1.575 0.0
1.585 0.0
1.595 0.0
1.605 0.0
1.615 0.0
1.625 0.0
1.635 0.0
1.645 0.0
1.655 0.0
1.665 0.0
1.675 0.0
1.685 0.0
1.695 0.0
1.705 0.0
1.715 0.0
1.725 0.0
1.735 0.0
1.745 0.0
1.7550000000000001 0.0
1.7650000000000001 0.0
1.7750000000000001 0.0
1.7850000000000001 0.0
1.795 0.0
1.805 0.0
1.815 0.0
1.825 0.0
1.835 0.0
1.845 0.0
1.855 0.0
1.865 0.0
1.875 0.0
1.885 0.0
1.895 0.0
1.905 0.0
1.915 0.0
1.925 0.0
1.935 0.0
1.945 0.0
1.955 0.0
1.965 0.0
1.975 0.0
1.985 0.0
1.995 0.0
2.005 0.0
2.015 0.0
2.025 0.0
2.035 0.0
2.045 0.0
2.055 0.0
2.065 0.0
2.075 0.0
2.085 0.0
2.095 0.0
2.105 0.0
2.115 0.0
2.125 0.0
2.1350000000000002 0.0
2.145 0.0
2.1550000000000002 0.0
2.165 0.0
2.1750000000000003 0.0
2.185 0.0
2.195 0.0
2.205 0.0
2.215 0.0
2.225 0.0
2.235 0.0
2.245 0.0
2.255 0.0
2.265 0.0
2.275 0.0
2.285 0.0
2.295 0.0
2.305 0.0
2.315 0.0
2.325 0.0
2.335 0.0
2.345 0.0
2.355 0.0
2.365 0.0
2.375 0.0
2.3850000000000002 0.0
2.395 0.0
2.4050000000000002 0.0
2.415 0.0
2.4250000000000003 0.0017757860083358178
2.435 0.006164306635012429
2.445 0.0026202797336186165
2.455 0.006064279116403803
2.465 0.00945241928895255
2.475 0.022161904855877847
2.485 0.03043924414452763
2.495 0.061230233309957
2.505 0.09652208341345823
2.515 0.14033212636893772
2.525 0.23176499296985806
2.535 0.35181644937519246
2.545 0.4337014548606971
2.555 0.6246739651027973
2.565 0.9285286492635293
2.575 1.158356914986928
2.585 1.5752650108947124
2.595 2.069464817336996
2.605 2.594515758261165
2.615 3.2008262037584227
2.625 3.9069558486266405
2.6350000000000002 4.9422024295593205
2.645 5.732586683528117
2.6550000000000002 6.706495867988592
2.665 7.9119363876177715
2.6750000000000003 9.08387446621417
2.685 10.198332136566709
2.695 11.480066902092549
2.705 12.671958839570715
2.715 14.045764722984904
2.725 15.517933610007889
2.735 16.70089281153627
2.745 18.11153649972085
2.755 19.47859456907812
2.765 20.539961574146925
2.775 21.720482166117506
2.785 22.763721391552608
2.795 23.606361118417116
2.805 24.588396043788673
2.815 25.347689430168156
2.825 25.86075687572925
2.835 26.5160359989063
2.845 26.811195835991185
2.855 27.402008077146462
2.865 27.78928183566863
2.875 27.711901983868767
2.8850000000000002 27.75474447152112
2.895 27.56520219819042
2.9050000000000002 27.53043062937181
2.915 27.48688386848142
2.9250000000000003 27.14180733379914
2.935 26.563183294401217
2.945 26.127836482275924
2.955 25.75995174652353
2.965 25.330501082658444
2.975 24.47262429285742
2.985 24.095625383198097
2.995 23.299927497769403
3.005 22.77215742363583
3.015 21.968263295329123
3.025 21.25665061780191
3.035 20.69223526063309
3.045 19.92584178158288
3.055 19.06664356192263
3.065 18.23211100846653
3.075 17.62723545961387
3.085 16.84985850141076
3.095 16.32034563860236
3.105 15.530837202409899
3.115 14.716675426857677
3.125 14.256926462304348
3.1350000000000002 13.526478101756009
3.145 12.890535072972636
3.1550000000000002 12.38983543425373
3.165 11.654905181322343
3.1750000000000003 11.202974767361875
3.185 10.643759147442244
3.1950000000000003 10.179803099021752
3.205 9.582652656079667
3.215 9.162454444320073
3.225 8.800490239912751
3.235 8.188367538065792
3.245 7.928230937166717
3.255 7.4794272480162105
3.265 7.11090402057969
3.275 6.8221914459593265
3.285 6.455086056065681
3.295 6.1206790690169655
3.305 5.781590780455642
3.315 5.631779271923595
3.325 5.271608225856093
3.335 5.022215303769375
3.345 4.811638094886331
3.355 4.594664921663659
3.365 4.326692143737622
3.375 4.214454435152133
3.3850000000000002 3.961746741570387
3.395 3.7903091439799574
3.4050000000000002 3.696473001820105
3.415 3.4845767897732762
3.4250000000000003 3.3997182712548875
3.435 3.2078130191955685
3.4450000000000003 3.1359827783642626
3.455 3.000192573514469
3.465 2.8676549841603762
3.475 2.8152859519303965
3.485 2.6121411316438934
3.495 2.6002068344026488
3.505 2.5785905764446433
3.515 2.4396939055352185
3.525 2.345191028038138
3.535 2.2964253566515422
3.545 2.201222393750832
3.555 2.137625705472365
3.565 2.171252712184686
3.575 2.110098291517613
3.585 2.0963115900890155
3.595 1.9917443104664152
3.605 1.9449525095170892
3.615 1.9633738726833696
3.625 1.9716290033387693
3.6350000000000002 1.9362958345327037
3.645 1.8753823861292178
3.6550000000000002 1.905391932110145
3.665 1.9167766516718163
3.6750000000000003 1.923756730672511
3.685 1.9571642167886307
3.6950000000000003 1.9504093085583438
3.705 1.9608154344501867
3.715 1.987349444795454
3.725 1.9416977263641215
3.735 2.0136572003678928
3.745 2.06620694248561
3.755 2.064474238016737
3.765 2.098091864118642
3.775 2.084792499711289
3.785 2.216295775074368
3.795 2.244510945980173
3.805 2.285021716202198
3.815 2.3336875166777378
3.825 2.3554047397245896
3.835 2.478754965900793
3.845 2.5153230562164515
3.855 2.583802729432258
3.865 2.6256756457547734
3.875 2.717850922421657
3.8850000000000002 2.7678765725354095
3.895 2.853490874552472
3.9050000000000002 2.9553133681321313
3.915 2.9715759788257974
3.9250000000000003 3.080500486956056
3.935 3.215257246464513
3.9450000000000003 3.2952655462461027
3.955 3.3927837922839896
3.9650000000000003 3.482967242662071
3.975 3.473065360108246
3.985 3.625973397558317
3.995 3.6372873407569575
4.005 3.7317766792336906
4.015 3.7614720382737024
4.025 3.882680485814316
4.035 4.006811731304784
4.045 4.001385230073213
4.055 4.127108792056196
4.065 4.127999046385624
4.075 4.155872176391385
4.085 4.2988819606638335
4.095 4.3037555529171305
4.105 4.3655439707307995
4.115 4.396771658830466
4.125 4.464775334796947
4.135 4.413279662772314
4.1450000000000005 4.428175382335177
4.155 4.531189886118163
4.165 4.460997939091103
4.175 4.485784430546423
4.1850000000000005 4.450957135475272
4.195 4.490289367155296
4.205 4.461870844574431
4.215 4.368720770089428
4.225 4.361520080705332
4.235 4.320568245345792
4.245 4.285748506922555
4.255 4.264474085120578
4.265 4.1994343045823
4.275 4.153811992331378
4.285 4.090085307745789
4.295 4.09229019725921
4.305 4.04822621934553
4.315 3.9282495917293714
4.325 3.848695863636277
4.335 3.808732177351107
4.345 3.7035481236286856
4.355 3.6232401069107336
4.365 3.534036851761059
4.375 3.5135350854318026
4.385 3.4622269817721745
4.3950000000000005 3.3399863266764385
4.405 3.3334498065483142
4.415 3.2045218464434932
4.425 3.1953877053640367
4.4350000000000005 3.136662453851895
4.445 3.096402800527176
4.455 2.9654466582086996
4.465 2.9288690337282297
4.4750000000000005 2.8813767952679514
4.485 2.8957973500780056
4.495 2.8351195663194786
4.505 2.840298862548246
4.515 2.840794077661495
4.525 2.740020495858
4.535 2.7812649231016353
4.545 2.757159651680032
4.555 2.7712391202958906
4.565 2.780909459752407
4.575 2.7720087604712593
4.585 2.815566054270297
4.595 2.8468482213682025
4.605 2.8650289076837474
4.615 2.8800835898129296
4.625 2.9938404001466603
4.635 3.085687944514207
4.6450000000000005 3.114523972220067
4.655 3.2213960444594743
4.665 3.318206831297723
4.675 3.445218069036473
4.6850000000000005 3.5356710935930153
4.695 3.7385477723513705
4.705 3.8309353464181997
4.715 4.033833090114963
4.7250000000000005 4.172770339159892
4.735 4.375241630575585
4.745 4.548605918753067
4.755 4.753728827834199
4.765 4.948812881343793
4.775 5.239777262679236
4.785 5.366128607437582
4.795 5.6108333570006375
4.805 5.9066020558648535
4.815 6.107756036602865
4.825 6.365730404377628
4.835 6.726943077360817
4.845 6.886268350332079
4.855 7.220109342172182
4.865 7.515411825982951
4.875 7.773959422930008
4.885 8.116975548699768
4.8950000000000005 8.361245809893092
4.905 8.634927009481624
4.915 8.947380764590365
4.925 9.205134228851392
4.9350000000000005 9.438001505571359
4.945 9.732756195785836
4.955 9.900647570576828
4.965 10.118366720595068
4.9750000000000005 10.396279119135237
4.985 10.607797668329813
4.995 10.733831456503955
5.005 10.949236289436486
5.015 11.07315302023853
5.025 11.187726331745887
5.035 11.362061560642198
5.045 11.459844708535845
5.055 11.507929928764943
5.065 11.556971139162403
5.075 11.532757691184683
5.085 11.587196236856881
5.095 11.541555170993378
5.105 11.485363456162746
5.115 11.463449259997423
5.125 11.398878400335146
5.135 11.297099751875486
5.1450000000000005 11.259145031864042
5.155 11.142805898007513
5.165 11.016517645579018
5.175 10.912372914570625
5.1850000000000005 10.790109842254758
5.195 10.50851327517885
5.205 10.350995371973841
5.215 10.180400047942435
5.2250000000000005 9.980815401543904
5.235 9.774677968528687
5.245 9.552766846227717
5.255 9.392977170688908
5.265 9.107565357516297
5.275 8.866280978790137
5.285 8.608996851659084
5.295 8.492892255514924
5.305 8.302832553017431
5.315 8.071075794936867
5.325 7.9065531595166485
5.335 7.6384567092768725
5.345 7.405024011281791
5.355 7.182202062310382
5.365 7.053141282340453
5.375 6.879627380058451
5.385 6.596256519862672
5.3950000000000005 6.548505081097214
5.405 6.4009737215846
5.415 6.2617873057694755
5.425 6.046408104872952
5.4350000000000005 5.952590637317209
5.445 5.868578771444512
5.455 5.781633031272983
5.465 5.671682376488007
5.4750000000000005 5.576953246696973
5.485 5.474893182296412
5.495 5.338435349627902
5.505 5.316990583021982
5.515 5.336523491867474
5.525 5.285066071235398
5.535 5.21076668859086
5.545 5.182139777338499
5.555 5.257746907906443
5.565 5.26011156336419
5.575 5.1901878312235015
5.585 5.217651484049592
5.595 5.1800023425542605
5.605 5.241644167221073
5.615 5.30215196327518
5.625 5.320116342692577
5.635 5.3497593079606425
5.6450000000000005 5.340817213349832
5.655 5.368968256133882
5.665 5.433820083929836
5.675 5.450030420611579
5.6850000000000005 5.483702802883622
5.695 5.465910664409918
5.705 5.567566018602268
5.715 5.553374554394232
5.7250000000000005 5.595642704151607
5.735 5.668380320487643
5.745 5.65799799368552
5.755 5.666098586781313
5.765 5.699559750485362
5.775 5.734947209495163
5.785 5.742908802571833
5.795 5.768039741075518
5.805 5.699841071300843
5.815 5.7197838569093555
5.825 5.680310972033806
5.835 5.752258496871774
5.845 5.681852298918403
5.855 5.66824814256294
5.865 5.592772558106171
5.875 5.564975555673686
5.885 5.581055990640346
5.8950000000000005 5.5109016262389545
5.905 5.433553204812011
5.915 5.370276428968045
5.925 5.346363620562345
5.9350000000000005 5.223117398167488
5.945 5.210140476422481
5.955 5.08561448014878
5.965 5.091469504079532
5.9750000000000005 5.001314015040705
5.985 4.964062142209217
5.995 4.846545584079868
6.005 4.817820016118659
6.015000000000001 4.7502933040972595
6.025 4.671968702201278
6.035 4.569191960182658
6.045 4.581521467434601
6.055 4.397496521992827
6.065 4.4333980696589075
6.075 4.355148973156372
6.085 4.303759574203548
6.095 4.2290709614734325
6.105 4.186789187256331
6.115 4.147274559919697
6.125 4.159074001281638
6.135 4.041066430353109
6.1450000000000005 4.039678061675391
6.155 3.978736902624302
6.165 3.9999097188443145
6.175 4.006957375909369
6.1850000000000005 3.966303086041849
6.195 3.9222168207919927
6.205 3.9866130325063858
6.215 3.962033964737593
6.2250000000000005 4.007927932458699
6.235 4.0089160582031065
6.245 3.998631281523657
6.255 4.093152738118652
6.265000000000001 4.087945082345677
6.275 4.139504391025345
6.285 4.152646550670183
6.295 4.199152154724709
6.305 4.245473406347946
6.315 4.3289263000857945
6.325 4.407654111059778
6.335 4.413005276565101
6.345 4.533210120439115
6.355 4.578814453244126
6.365 4.644473185906349
6.375 4.709312302218835
6.385 4.790500521672173
6.3950000000000005 4.8447297005239385
6.405 4.898724397392782
6.415 5.068580720127036
6.425 5.089116459880751
6.4350000000000005 5.171033065856595
6.445 5.213952646475588
6.455 5.258586640312726
6.465 5.293300554812633
6.4750000000000005 5.408476322476446
6.485 5.431290561493476
6.495 5.501715187975213
6.505 5.510601959272688
6.515000000000001 5.561602212057569
6.525 5.529115884950609
6.535 5.660756291061592
6.545 5.623969274974986
6.555 5.695773939178601
6.565 5.658566995549295
6.575 5.69426912706949
6.585 5.65856441822017
6.595 5.699760611030477
6.605 5.689217101421454
6.615 5.65448863445765
6.625 5.605430247243799
6.635 5.6550838084901285
6.6450000000000005 5.551518339299109
6.655 5.5445143630629525
6.665 5.52659620905309
6.675 5.442315022566453
6.6850000000000005 5.406299516431681
6.695 5.338323886018878
6.705 5.29558368572755
6.715 5.191702465652824
6.7250000000000005 5.175465779294863
6.735 5.079647102030189
6.745 5.073433441494484
6.755 4.978208963051008
6.765000000000001 4.897215785279777
6.775 4.842955888295294
6.785 4.815761192460423
6.795 4.701064464603371
6.805 4.584427312605501
6.815 4.603136066565725
6.825 4.544147060175495
6.835 4.447483054818613
6.845 4.402848996211611
6.855 4.305899227303469
6.865 4.255473424357261
6.875 4.2214510050718825
6.885 4.1605117313528215
6.8950000000000005 4.094526359638533
6.905 4.036790289617418
6.915 4.045542623046056
6.925 3.9770322170864185
6.9350000000000005 3.9487433887488588
6.945 3.9075022631718497
6.955 3.847699923808243
6.965 3.83924235956002
6.9750000000000005 3.838652085952711
6.985 3.8145057629303967
6.995 3.7738348111247135
7.005 3.793500089404769
7.015000000000001 3.7626388610819923
7.025 3.744210835380417
7.035 3.7315693614856635
7.045 3.7007846340173183
7.055 3.7094982010348456
7.065 3.7207628131781236
7.075 3.722560935975383
7.085 3.689384326930787
7.095 3.723385636000798
7.105 3.7000863697408857
7.115 3.714343774191639
7.125 3.746197249155714
7.135 3.7254472647574803
7.1450000000000005 3.768313029135114
7.155 3.7333089824972787
7.165 3.7300148096027215
7.175 3.7628314388615594
7.1850000000000005 3.761265086238466
7.195 3.773409987950648
7.205 3.810115408036413
7.215 3.827144281055124
7.2250000000000005 3.838462938668543
7.235 3.863569520105076
7.245 3.9064282071829606
7.255 3.882473159653588
7.265000000000001 3.91581473203092
7.275 3.956949484745625
7.285 3.962327063418065
7.295 4.038106658676865
7.305 4.0438880507457595
7.315 4.112268424023023
7.325 4.169750801697552
7.335 4.222731594227958
7.345 4.215789997045514
7.355 4.279040877265055
7.365 4.369462861169738
7.375 4.429139757850711
7.385 4.483116297323453
7.3950000000000005 4.57927307257013
7.405 4.650232090097856
7.415 4.752700073006902
7.425 4.817662989032691
7.4350000000000005 4.924291706391607
7.445 5.018932222911594
7.455 5.156827516328565
7.465 5.243370096721991
7.4750000000000005 5.315881705915971
7.485 5.416691970961602
7.495 5.548362176907779
7.505 5.69089943810777
7.515000000000001 5.829977701852366
7.525 5.9179511475719275
7.535 6.03054354392028
7.545 6.168934123270444
7.555 6.360268818357422
7.565 6.42630734442508
7.575 6.569594282715801
7.585 6.694678668206887
7.595 6.825237078672363
7.605 6.911752222680016
7.615 7.068742730169076
7.625 7.171721339100961
7.635 7.322504788268269
7.6450000000000005 7.413066409854357
7.655 7.510169301894775
7.665 7.560527604905876
7.675 7.655715694925497
7.6850000000000005 7.717583282261456
7.695 7.806351074081554
7.705 7.82541511838323
7.715 7.914181556449602
7.7250000000000005 7.922491181696817
7.735 8.027339089257161
7.745 8.085921017047188
7.755 8.052492088598813
7.765000000000001 8.063459387028912
7.775 8.07926698441504
7.785 8.014931212896528
7.795 7.983724611415992
7.805000000000001 7.989421738632136
7.815 7.966594663300944
7.825 7.913159511195426
7.835 7.852315961735833
7.845 7.782339528238944
7.855 7.701438796366264
7.865 7.668615004588264
7.875 7.518650101276225
7.885 7.446599389049397
7.8950000000000005 7.361570184083953
7.905 7.20851424686652
7.915 7.115216524155729
7.925 7.024278567462197
7.9350000000000005 6.85483056554124
7.945 6.748499078090796
7.955 6.640617515874644
7.965 6.4962199840401285
7.9750000000000005 6.422553464000417
7.985 6.286261375164477
7.995 6.135355364867774
8.005 5.956420154615996
8.015 5.8422434747596
8.025 5.7360760783883915
8.035 5.602355243391321
8.045 5.463069250560226
8.055 5.325825285608733
8.065 5.227455304599435
8.075 5.125872495317858
8.085 4.9831597616773236
8.095 4.854363067544051
8.105 4.760205518354656
8.115 4.646040744285063
8.125 4.545552679542369
8.135 4.43654992642714
8.145 4.326966581829315
8.155 4.288489471353169
8.165000000000001 4.151739607603633
8.175 4.088148806402488
8.185 3.9927458761748302
8.195 3.9371364162899107
8.205 3.846884856792354
8.215 3.789401242279466
8.225 3.731954096248482
8.235 3.6886335829595938
8.245000000000001 3.6303810606733253
8.255 3.586957887843191
8.265 3.5175165039829084
8.275 3.4990311383587693
8.285 3.4429712601946982
8.295 3.398326370750368
8.305 3.3866652141251437
8.315 3.327095289684386
8.325 3.350975198523324
8.335 3.3209180848457933
8.345 3.2870964940413003
8.355 3.294117493921027
8.365 3.254085210727464
8.375 3.299991214958705
8.385 3.284475536137243
8.395 3.2876943553672286
8.405 3.2754411613939043
8.415000000000001 3.2798273720738003
8.425 3.2929372446504566
8.435 3.323001368322036
8.445 3.34837476570525
8.455 3.3549938392446954
8.465 3.3678388683599305
8.475 3.4091831487414175
8.485 3.4406776078216015
8.495000000000001 3.4691926335160193
8.505 3.5242718944089475
8.515 3.5547423529103184
8.525 3.5653028808150675
8.535 3.628343161998525
8.545 3.6455990443759956
8.555 3.702073762405669
8.565 3.7398405188214556
8.575000000000001 3.777776184528209
8.585 3.8318192094421284
8.595 3.899383129177843
8.605 3.9381346598138323
8.615 3.996605370564114
8.625 3.9999070098341507
8.635 4.0764999811152185
8.645 4.15824733312888
8.655 4.171924747100089
8.665000000000001 4.2111890025734064
8.675 4.258031993937111
8.685 4.2976567650801085
8.695 4.359188253098038
8.705 4.4118127661512565
8.715 4.421286655457024
8.725 4.454231537029715
8.735 4.475175325906521
8.745000000000001 4.5343825690646495
8.755 4.524779418062469
8.765 4.601726816386044
8.775 4.625691745250095
8.785 4.629036169093191
8.795 4.657733970212455
8.805 4.6879058900295165
8.815 4.691319577661116
8.825000000000001 4.73271930297401
8.835 4.678130908484333
8.845 4.706335056841263
8.855 4.692714740241264
8.865 4.7489719201835685
8.875 4.703540086243714
8.885 4.71809197431531
8.895 4.712900887525766
8.905 4.719770675419221
8.915000000000001 4.717334595930143
8.925 4.7053273760736625
8.935 4.702191424393931
8.945 4.663753942064395
8.955 4.684857443263074
8.965 4.664602014311525
8.975 4.62504369666638
8.985 4.625296711953416
8.995000000000001 4.5958519559684285
9.005 4.561053377188311
9.015 4.560512992222469
9.025 4.5409246880976095
9.035 4.543031356117698
9.045 4.554244097910784
9.055 4.494264919582363
9.065 4.463831239284733
9.075000000000001 4.472321707256012
9.085 4.482978125676677
9.095 4.422564879142697
9.105 4.410084368501524
9.115 4.40280124811513
9.125 4.348195339918864
9.135 4.377849642391431
9.145 4.349175942961335
9.155 4.321925249160001
9.165000000000001 4.322134019605689
9.175 4.282635084423833
9.185 4.28457901390442
9.195 4.29051851997051
9.205 4.259880160053673
9.215 4.234714117006753
9.225 4.209953900865002
9.235 4.204637243640735
9.245000000000001 4.224991569600093
9.255 4.19599396133517
9.265 4.159264996795603
9.275 4.151636369203638
9.285 4.184730540091748
9.295 4.164127673078307
9.305 4.157594374376101
9.315 4.116538838643596
9.325000000000001 4.111917784201034
9.335 4.11976998013383
9.345 4.127100849449526
9.355 4.092269671018235
9.365 4.102050087875854
9.375 4.074649723594732
9.385 4.049135198711957
9.395 4.074711584464552
9.405 4.043856212504757
9.415000000000001 4.029203432112968
9.425 4.036645814972282
9.435 4.019764672118664
9.445 4.044092736668104
9.455 4.012939522176174
9.465 4.039317827482112
9.475 4.023177070447054
9.485 3.9895679877521024
9.495000000000001 4.015918196122798
9.505 4.011575877061902
9.515 3.996977265944065
9.525 3.9950348085934393
9.535 4.009689144441814
9.545 4.007825269194338
9.555 3.993607277359285
9.565 4.008146615945587
9.575000000000001 4.024837654049049
9.585 4.016102837177948
9.595 4.0075091009671056
9.605 4.030523303148836
9.615 4.008080597322624
9.625 4.043323952820916
9.635 4.023630141238322
9.645 4.041783470980015
9.655 4.041369079040909
9.665000000000001 4.018253958537323
9.675 4.02345067566554
9.685 4.014589688712338
9.695 4.033532000941117
9.705 4.034537293129884
9.715 4.031712672318492
9.725 4.035847395100795
9.735 4.0251911487770595
9.745000000000001 4.018363882888642
9.755 4.003161120736648
9.765 3.995294863318138
9.775 3.9876163348571887
9.785 3.9925580625433517
9.795 3.9864780299770746
9.805 3.987692185206872
9.815 3.992687160411363
9.825000000000001 4.001764412761637
9.835 3.9803515735994135
9.845 3.959825494259747
9.855 3.9457183462343774
9.865 3.9673928428594167
9.875 3.943191410002624
9.885 3.9782330382852846
9.895 3.981128391349217
9.905 3.914232388462516
9.915000000000001 3.9299228802773953
9.925 3.94596626715773
9.935 3.9386085908865596
9.945 3.9512810046297613
9.955 3.9305964922680134
9.965 3.9185051552656236
9.975 3.9330071238011084
9.985 3.936654797123434
9.995000000000001 3.9483289668729173
10.005 3.962713183478119

